22.55354120 11.49329862 16.19757439 21.80804879	4.889694505
8.513971427 0.646404285	15.52894691 14.95783325	0.261936687
9.223110686 1.124759576	11.3898113  20.13136886	0.309103422
11.05391529 1.186551133	10.98418214 25.80476511	0.386235667
13.00110445 1.829407798	9.79509006  25.43449517	0.445165814
14.91801158 1.647389841	8.159810083 14.54788182	0.619821856
15.01806002 1.056434832	7.60952931  12.8601654	0.999469629
15.32819153 0.84575918	7.30216910  11.52365421	0.924279198
14.20831335 0.580569859	5.70695642  10.68682332	0.706896954
11.15825997 0.317878301	4.836763392 9.337988666	1.030224502
17.25697439 7.638433593	13.45375885 13.09654241	3.710026175
23.91690183 18.82614961	24.50727264 26.37962931	4.933671188
20.80787221 22.42755566	30.34437309 27.24693835	4.893776951
17.02606516 22.26521084	37.85691899 29.40289192	2.108989013
11.13973599 19.611543	40.08201806 33.65356422	2.142902109
7.928868865 15.86167229	40.07615421 35.00183464	4.466999755
7.283007903 14.09171399	37.50245473 35.77876573	4.245644344
7.191510260 11.47413243 38.16951582 35.88161722 4.138706214